-914.7454015490 2.198794
-914.7724520903 2.190819
-914.7980833834 2.182845
-914.8223655586 2.174871
-914.8453651095 2.166897
-914.8671450465 2.158924
-914.8877651335 2.150950
-914.9072821398 2.142977
-914.9257500730 2.135004
-914.9432203559 2.127031
-914.9597419517 2.119059
-914.9753613885 2.111086
-914.9901228425 2.103114
-915.0040682445 2.095142
-915.0172374535 2.087170
-915.0296683773 2.079199
-915.0413971221 2.071227
-915.0524580784 2.063256
-915.0628840214 2.055285
-915.0727061713 2.047315
-915.0819542312 2.039344
-915.0906564276 2.031374
-915.0988395867 2.023404
-915.1065292257 2.015435
-915.1137496459 2.007465
-915.1205240069 1.999496
-915.1268744032 1.991527
-915.1328219185 1.983558
-915.1383866858 1.975590
-915.1435879100 1.967621
-915.1484438964 1.959653
-915.1529720860 1.951686
-915.1571891012 1.943718
-915.1611107976 1.935751
-915.1647523145 1.927784
-915.1681281114 1.919818
-915.1712519996 1.911851
-915.1741371715 1.903885
-915.1767962319 1.895919
-915.1792412186 1.887954
-915.1814836318 1.879989
-915.1835344531 1.872024
-915.1854041735 1.864059
-915.1871028207 1.856095
-915.1886399798 1.848131
-915.1900248113 1.840167
-915.1912660786 1.832204
-915.1933510334 1.816278
-915.1949574923 1.800354
-915.1961427404 1.784431
-915.1965939591 1.776470
-915.1969591552 1.768509
-915.1972441722 1.760549
-915.1974545892 1.752589
-915.1975957422 1.744629
-915.1976727228 1.736670
-915.1976904015 1.728711
-915.1976534383 1.720753
-915.1975662798 1.712795
-915.1974331825 1.704837
-915.1972582139 1.696880
-915.1970452595 1.688923
-915.1967980242 1.680966
-915.1965200448 1.673010
-915.1962146917 1.665055
-915.1958851823 1.657099
-915.1955345824 1.649145
-915.1951658176 1.641190
-915.1947816764 1.633236
-915.1943848225 1.625283
-915.1939777881 1.617330
-915.1935629869 1.609378
-915.1931427150 1.601426
-915.1927191532 1.593474
-915.1922943728 1.585523
-915.1918703313 1.577572
-915.1914488879 1.569622
-915.1910317926 1.561673
-915.1906207031 1.553724
-915.1902171833 1.545775
-915.1898227022 1.537827
-915.1894386476 1.529880
-915.1890663196 1.521933
-915.1887069394 1.513987
-915.1883616482 1.506041
-915.1880315057 1.498096
-915.1877175012 1.490151
-915.1874205448 1.482207
-915.1871414770 1.474264
-915.1868810643 1.466321
-915.1866400086 1.458379
-915.1864189407 1.450437
-915.1862184233 1.442496
-915.1860389608 1.434556
-915.1858809915 1.426617
-915.1857448909 1.418678
-915.1856309755 1.410740
-915.1855395044 1.402802
-915.1854706754 1.394865
-915.1854246266 1.386929
-915.1854014409 1.378994
-915.1854011416 1.371060
-915.1854236978 1.363126
-915.1854690140 1.355193
-915.1855369451 1.347261
-915.1856272791 1.339329
-915.1857397507 1.331399
-915.1858740345 1.323469
-915.1860297397 1.315540
-915.1862064193 1.307612
-915.1864035620 1.299685
-915.1866205918 1.291759
-915.1868568707 1.283833
-915.1871116898 1.275909
-915.1873842788 1.267985
-915.1876737879 1.260063
-915.1879793002 1.252141
-915.1882998243 1.244221
-915.1886342893 1.236302
-915.1889815467 1.228383
-915.1893403670 1.220466
-915.1897094360 1.212550
-915.1900873553 1.204634
-915.1904726385 1.196720
-915.1908637048 1.188807
-915.1912588796 1.180896
-915.1916563852 1.172985
-915.1920543509 1.165076
-915.1924507839 1.157168
-915.1928435912 1.149261
-915.1932305555 1.141356
-915.1936093479 1.133452
-915.1939775106 1.125549
-915.1943324632 1.117647
-915.1946714956 1.109747
-915.1949917646 1.101849
-915.1952902881 1.093952
-915.1955639337 1.086056
-915.1958094209 1.078162
-915.1960233015 1.070270
-915.1962019590 1.062379
-915.1963415983 1.054490
-915.1964382448 1.046602
-915.1964877296 1.038716
-915.1964856933 1.030832
-915.1964275691 1.022950
-915.1963085771 1.015070
-915.1961237131 1.007191
-915.1958677348 0.999315
-915.1955351563 0.991440
-915.1951202357 0.983567
-915.1946169637 0.975697
-915.1940190438 0.967828
-915.1933198930 0.959962
-915.1925126134 0.952098
-915.1915899817 0.944237
-915.1905444335 0.936377
-915.1893680462 0.928520
-915.1880525287 0.920666
-915.1865891990 0.912814
-915.1849689634 0.904965
-915.1831822956 0.897118
-915.1812192193 0.889274
-915.1790692829 0.881433
-915.1767215590 0.873594
-915.1741646099 0.865759
-915.1713864540 0.857927
-915.1683745353 0.850098
-915.1651156875 0.842272
-915.1615960921 0.834449
-915.1578012616 0.826630
-915.1537160070 0.818814
-915.1493244255 0.811002
-915.1446098904 0.803193
-915.1395549929 0.795389
-915.1341414835 0.787588
-915.1283502016 0.779791
-915.1221610263 0.771999
-915.1155528367 0.764210
-915.1085034834 0.756427
-915.1009897544 0.748647
-915.0929873069 0.740873
-915.0844705923 0.733103
-915.0754127642 0.725338
-915.0657855996 0.717579
-915.0555594282 0.709825
-915.0447031025 0.702076
-915.0331839863 0.694333
-915.0209678866 0.686596
-915.0080189500 0.678865
-914.9942994825 0.671140
-914.9797697610 0.663422
-914.9643878394 0.655710
-914.9481094142 0.648006
-914.9308877266 0.640309
-914.9126735371 0.632619
-914.8934151456 0.624937
