-914.7514726259 2.198794
-914.7784396647 2.190819
-914.8039863084 2.182845
-914.8281827763 2.174871
-914.8510956173 2.166897
-914.8727879191 2.158924
-914.8933195691 2.150950
-914.9127475250 2.142977
-914.9311260112 2.135004
-914.9485066797 2.127031
-914.9649386748 2.119059
-914.9804686730 2.111086
-914.9951409629 2.103114
-915.0089975737 2.095142
-915.0220784353 2.087170
-915.0344215216 2.079199
-915.0460629827 2.071227
-915.0570372484 2.063256
-915.0673771173 2.055285
-915.0771138118 2.047315
-915.0862770341 2.039344
-915.0948950372 2.031374
-915.1029947017 2.023404
-915.1106016252 2.015435
-915.1177401963 2.007465
-915.1244336654 1.999496
-915.1307041992 1.991527
-915.1365729351 1.983558
-915.1420600303 1.975590
-915.1471847017 1.967621
-915.1519652660 1.959653
-915.1564191950 1.951686
-915.1605631575 1.943718
-915.1644130575 1.935751
-915.1679840783 1.927784
-915.1712907153 1.919818
-915.1743468039 1.911851
-915.1771655535 1.903885
-915.1797595755 1.895919
-915.1821409127 1.887954
-915.1843210610 1.879989
-915.1863110022 1.872024
-915.1881212288 1.864059
-915.1897617592 1.856095
-915.1912421677 1.848131
-915.1925715979 1.840167
-915.1937587888 1.832204
-915.1948120856 1.824241
-915.1957394671 1.816278
-915.1965485562 1.808316
-915.1972466409 1.800354
-915.1978406877 1.792392
-915.1983373562 1.784431
-915.1987430109 1.776470
-915.1990637347 1.768509
-915.1993053432 1.760549
-915.1994733887 1.752589
-915.1995731865 1.744629
-915.1996098099 1.736670
-915.1995881119 1.728711
-915.1995127333 1.720753
-915.1993881126 1.712795
-915.1992184855 1.704837
-915.1990079106 1.696880
-915.1987602564 1.688923
-915.1984792223 1.680966
-915.1981683391 1.673010
-915.1978309734 1.665055
-915.1974703411 1.657099
-915.1970895049 1.649145
-915.1966913895 1.641190
-915.1962787829 1.633236
-915.1958543388 1.625283
-915.1954205896 1.617330
-915.1949799401 1.609378
-915.1945346776 1.601426
-915.1940869773 1.593474
-915.1936388995 1.585523
-915.1931923983 1.577572
-915.1927493222 1.569622
-915.1923114151 1.561673
-915.1918803266 1.553724
-915.1914576095 1.545775
-915.1910447244 1.537827
-915.1906430415 1.529880
-915.1902538502 1.521933
-915.1898783494 1.513987
-915.1895176642 1.506041
-915.1891728340 1.498096
-915.1888448286 1.490151
-915.1885345355 1.482207
-915.1882427722 1.474264
-915.1879702870 1.466321
-915.1877177569 1.458379
-915.1874857888 1.450437
-915.1872749263 1.442496
-915.1870856483 1.434556
-915.1869183666 1.426617
-915.1867734365 1.418678
-915.1866511482 1.410740
-915.1865517337 1.402802
-915.1864753657 1.394865
-915.1864221586 1.386929
-915.1863921668 1.378994
-915.1863853884 1.371060
-915.1864017656 1.363126
-915.1864411778 1.355193
-915.1865034541 1.347261
-915.1865883566 1.339329
-915.1866955962 1.331399
-915.1868248215 1.323469
-915.1869756199 1.315540
-915.1871475196 1.307612
-915.1873399867 1.299685
-915.1875524236 1.291759
-915.1877841670 1.283833
-915.1880344864 1.275909
-915.1883025889 1.267985
-915.1885876043 1.260063
-915.1888885942 1.252141
-915.1892045479 1.244221
-915.1895343763 1.236302
-915.1898769124 1.228383
-915.1902309132 1.220466
-915.1905950486 1.212550
-915.1909679054 1.204634
-915.1913479837 1.196720
-915.1917336896 1.188807
-915.1921233355 1.180896
-915.1925151324 1.172985
-915.1929071961 1.165076
-915.1932975287 1.157168
-915.1936840287 1.149261
-915.1940644776 1.141356
-915.1944365424 1.133452
-915.1947977739 1.125549
-915.1951455874 1.117647
-915.1954772769 1.109747
-915.1957900016 1.101849
-915.1960807776 1.093952
-915.1963464759 1.086056
-915.1965838155 1.078162
-915.1967893572 1.070270
-915.1969594905 1.062379
-915.1970904348 1.054490
-915.1971782288 1.046602
-915.1972187198 1.038716
-915.1972075629 1.030832
-915.1971402063 1.022950
-915.1970118881 1.015070
-915.1968176185 1.007191
-915.1965521760 0.999315
-915.1962100908 0.991440
-915.1957856362 0.983567
-915.1952728182 0.975697
-915.1946653541 0.967828
-915.1939566729 0.959962
-915.1931398892 0.952098
-915.1922077944 0.944237
-915.1911528380 0.936377
-915.1899671126 0.928520
-915.1886423397 0.920666
-915.1871698437 0.912814
-915.1855405430 0.904965
-915.1837449225 0.897118
-915.1817730216 0.889274
-915.1796144006 0.881433
-915.1772581320 0.873594
-915.1719063202 0.857927
-915.1688862234 0.850098
-915.1656193175 0.842272
-915.1620918057 0.834449
-915.1541964405 0.818814
-915.1497975486 0.811002
-915.1450759093 0.803193
-915.1400140758 0.795389
-915.1345937678 0.787588
-915.1287958306 0.779791
-915.1226001761 0.771999
-915.1159857247 0.764210
-915.1089303454 0.756427
-915.1014108086 0.748647
-914.9484729628 0.648006
