-914.7516006953 2.198794
-914.7785681898 2.190819
-914.8041153865 2.182845
-914.8283125697 2.174871
-914.8512263792 2.166897
-914.8729199702 2.158924
-914.8934532387 2.150950
-914.9128830779 2.142977
-914.9312636124 2.135004
-914.9486463773 2.127031
914.9650804384 2.119059
-914.9806124207 2.111086
-914.9952865940 2.103114
-915.0091449759 2.095142
-915.0222275051 2.087170
-915.0345721685 2.079199
-915.0462151458 2.071227
-915.0571908972 2.063256
-915.0675322647 2.055285
-915.0772705335 2.047315
-915.0864354685 2.039344
-915.0950553520 2.031374
-915.1031570702 2.023404
-915.1107661940 2.015435
-915.1179070769 2.007465
-915.1246029292 1.999496
-915.1308758933 1.991527
-915.1367470998 1.983558
-915.1422367249 1.975590
-915.1473640162 1.967621
-915.1521473176 1.959653
-915.1566041073 1.951686
-915.1607510405 1.943718
-915.1646040049 1.935751
-915.1681781657 1.927784
-915.1714880074 1.919818
-915.1745473601 1.911851
-915.1773694316 1.903885
-915.1799668367 1.895919
-915.1823516196 1.887954
-915.1845352814 1.879989
-915.1865287971 1.872024
-915.1883426498 1.864059
-915.1899868504 1.856095
-915.1914709641 1.848131
-915.1928041267 1.840167
-915.1950521319 1.824241
-915.1974979253 1.800354
-915.1985959615 1.784431
-915.1995744366 1.760549
-915.1998487878 1.744629
-915.1997970301 1.720753
-915.1995076748 1.704837
-915.1987741261 1.680966
-915.1981284422 1.665055
-915.1969905334 1.641190
-915.1961529985 1.625283
-915.1957184992 1.617330
-915.1943805537 1.593474
-915.1939303291 1.585523
-915.1930353927 1.569622
-915.1921596186 1.553724
-915.1913158342 1.537827
-915.1905154231 1.521933
-915.1897684322 1.506041
-915.1890836327 1.490151
-915.1884685839 1.474264
-915.1881892569 1.466321
-915.1876904789 1.450437
-915.1872753826 1.434556
-915.1869477020 1.418678
-915.1867101803 1.402802
-915.1865646122 1.386929
-915.1865266146 1.378994
-915.1865202952 1.363126
-915.1865518417 1.355193
-915.1866063431 1.347261
-915.1866835853 1.339329
-915.1869051619 1.323469
-915.1873993995 1.299685
-915.1878308046 1.283833
-915.1880751501 1.275909
-915.1886172376 1.260063
-915.1892244930 1.244221
-915.1895500227 1.236302
-915.1898886474 1.228383
-915.1902391372 1.220466
-915.1906001767 1.212550
-915.1909703692 1.204634
-915.1913482238 1.196720
-915.1917321610 1.188807
-915.1921204988 1.180896
-915.1925114575 1.172985
-915.1929031602 1.165076
-915.1932936124 1.157168
-915.1940622579 1.141356
-915.1944359061 1.133452
-915.1958005896 1.101849
-915.1960953863 1.093952
-915.1963655786 1.086056
-915.1966078766 1.078162
-915.1968188273 1.070270
-915.1969948087 1.062379
-915.1971320260 1.054490
-915.1972265032 1.046602
-915.1970907272 1.015070
-915.1969049829 1.007191
-915.1966483821 0.999315
-915.1953972499 0.975697
-915.1947996878 0.967828
-915.1941011192 0.959962
-915.1932946407 0.952098
-915.1923730232 0.944237
-915.1913287010 0.936377
-915.1888398662 0.920666
-915.1873783629 0.912814
-915.1857601379 0.904965
-915.1839756617 0.897118
-915.1820149588 0.889274
-915.1798675771 0.881433
-915.1775225729 0.873594
-915.1749684761 0.865759
-915.1721932719 0.857927
-915.1691843754 0.850098
-915.1659286072 0.842272
-915.1624121585 0.834449
-915.1586205715 0.826630
-915.1545387017 0.818814
-915.1501506753 0.811002
-915.1454398597 0.803193
-915.1403888062 0.795389
-915.1349792077 0.787588
-915.1291918648 0.779791
-915.1230066530 0.771999
-915.1164024833 0.764210
-915.1093572473 0.756427
-915.1018477617 0.748647
-915.0938496975 0.740873
-915.0853375148 0.733103
-915.0762843772 0.725338
-915.0666620834 0.717579
-915.0564409870 0.709825
-915.0340762581 0.694333
-915.0218655901 0.686596
-915.0089218714 0.678865
-914.9952071974 0.671140
-914.9806817183 0.663422
-914.9653035080 0.655710
-914.9490284416 0.648006
-914.9318100689 0.640309
-914.9135995186 0.632619
-914.8943454064 0.624937
